         139     0.364556
          73            0
         138     0.263252
          60            0
          61            0
          84            0
         137     0.450264
          63            0
          66            0
         117    0.0888682
         136    0.0360131
          59   0.00666473
         113    0.0363237
         129    0.0616608
         135     0.320972
          87   0.00925488
          92  4.90424e-06
         106    0.0643421
         108    0.0299461
         127    0.0786266
         134    0.0253597
          42  1.22117e-05
          48            0
          49  2.56853e-05
          53            0
          56            0
          58  9.27903e-05
          65   0.00937794
          74            0
          94    0.0658331
          97    0.0268679
         124    0.0523195
         133    0.0180484
          54            0
          57   0.00999516
          67            0
          68            0
          70            0
          86    0.0475304
          90  2.09293e-05
         104            0
         123    0.0236275
         132     0.129216
          30    0.0529134
          46            0
          50  3.52099e-05
          52            0
          55            0
          69    0.0516591
          79            0
         103            0
         121   0.00104124
         131    0.0514608
          41  0.000206354
          51            0
          62            0
          64            0
          85            0
         100            0
         120    0.0120168
         130     0.026502
          40            0
          43            0
          45            0
          47            0
          98            0
         112            0
         116    0.0553079
         128    0.0990388
          24    0.0279533
          35            0
          44            0
          76            0
          89            0
         109            0
         114   0.00986373
         126    0.0264126
          26            0
          28   0.00912392
          31            0
          32            0
          34            0
          38            0
          77            0
         102            0
         110    0.0207913
         125    0.0312814
          18            0
          27            0
          37            0
          39            0
          82            0
          99            0
         107    0.0403416
         122    0.0672357
          17            0
          19            0
          21  1.80699e-06
          33            0
          36            0
          93            0
          96    0.0580985
         119    0.0204902
          16            0
          25            0
          78    0.0401817
          88            0
          91     0.065548
         118    0.0160742
           6  1.08216e-06
          13   0.00892874
          14            0
          22            0
          71   0.00628551
          75    0.0221483
          81            0
         115      0.02083
           5   0.00499133
           7            0
           9    0.0217631
          10            0
          15            0
          29            0
          80            0
         111    0.0026273
          20            0
          23            0
         101            0
         105    0.0103858
           4            0
          12            0
          72            0
          95    0.0153799
           2            0
           8            0
          11            0
          83            0
           1            0
           3            0
